     0     0        2.37618       0.636695              0       0.965926       0.258819              0
     0     1        1.73948        1.73948              0       0.707107       0.707107              0
     0     2       0.636695        2.37618              0       0.258819       0.965926              0
     0     3      -0.636695        2.37618              0      -0.258819       0.965926              0
     0     4       -1.73948        1.73948              0      -0.707107       0.707107              0
     0     5       -2.37618       0.636695              0      -0.965926       0.258819              0
     0     6       -2.37618      -0.636695              0      -0.965926      -0.258819              0
     0     7       -1.73948       -1.73948              0      -0.707107      -0.707107              0
     0     8      -0.636695       -2.37618              0      -0.258819      -0.965926              0
     0     9       0.636695       -2.37618              0       0.258819      -0.965926              0
     0    10        1.73948       -1.73948              0       0.707107      -0.707107              0
     0    11        2.37618      -0.636695              0       0.965926      -0.258819              0
     1     0        3.16794       0.630142              0       0.980785        0.19509              0
     1     1        2.68565        1.79449              0        0.83147        0.55557              0
     1     2        1.79449        2.68565              0        0.55557        0.83147              0
     1     3       0.630142        3.16794              0        0.19509       0.980785              0
     1     4      -0.630142        3.16794              0       -0.19509       0.980785              0
     1     5       -1.79449        2.68565              0       -0.55557        0.83147              0
     1     6       -2.68565        1.79449              0       -0.83147        0.55557              0
     1     7       -3.16794       0.630142              0      -0.980785        0.19509              0
     1     8       -3.16794      -0.630142              0      -0.980785       -0.19509              0
     1     9       -2.68565       -1.79449              0       -0.83147       -0.55557              0
     1    10       -1.79449       -2.68565              0       -0.55557       -0.83147              0
     1    11      -0.630142       -3.16794              0       -0.19509      -0.980785              0
     1    12       0.630142       -3.16794              0        0.19509      -0.980785              0
     1    13        1.79449       -2.68565              0        0.55557       -0.83147              0
     1    14        2.68565       -1.79449              0        0.83147       -0.55557              0
     1    15        3.16794      -0.630142              0       0.980785       -0.19509              0
     2     0        3.95075       0.625738              0       0.987688       0.156434              0
     2     1        3.56403        1.81596              0       0.891007        0.45399              0
     2     2        2.82843        2.82843              0       0.707107       0.707107              0
     2     3        1.81596        3.56403              0        0.45399       0.891007              0
     2     4       0.625738        3.95075              0       0.156434       0.987688              0
     2     5      -0.625738        3.95075              0      -0.156434       0.987688              0
     2     6       -1.81596        3.56403              0       -0.45399       0.891007              0
     2     7       -2.82843        2.82843              0      -0.707107       0.707107              0
     2     8       -3.56403        1.81596              0      -0.891007        0.45399              0
     2     9       -3.95075       0.625738              0      -0.987688       0.156434              0
     2    10       -3.95075      -0.625738              0      -0.987688      -0.156434              0
     2    11       -3.56403       -1.81596              0      -0.891007       -0.45399              0
     2    12       -2.82843       -2.82843              0      -0.707107      -0.707107              0
     2    13       -1.81596       -3.56403              0       -0.45399      -0.891007              0
     2    14      -0.625738       -3.95075              0      -0.156434      -0.987688              0
     2    15       0.625738       -3.95075              0       0.156434      -0.987688              0
     2    16        1.81596       -3.56403              0        0.45399      -0.891007              0
     2    17        2.82843       -2.82843              0       0.707107      -0.707107              0
     2    18        3.56403       -1.81596              0       0.891007       -0.45399              0
     2    19        3.95075      -0.625738              0       0.987688      -0.156434              0
