46600
46603
46654
46656
46661
46667
46677
47002
47003
47004
47005
47006
47007
47008
47009
47009
47010
47011
47012
47013
47014
47015
47016
47017
47018
47019
47020
47021
47022
47032
47033
47034
47035
47036
47037
47038
47039
47040
47041
47042
47043
47051
47052
47053
47053
47054
47055
47056
47058
47059
47060
47060
47061
47061
47062
47063
47064
47065
47066
47067
47068
47074
47075
47080
47081
47082
47083
47086
47087
47088
47088
47089
47090
47091
47091
47098
47099
47100
47100
47101
47102
47102
47102
47103
47104
47104
47106
47106
47114
47114
47115
47116
47117
47118
47119
47120
47121
47122
47123
47124
47125
47125
47126
47126
47127
47128
47129
47129
47130
47130
47131
47132
47133
47133
47135
47135
47135
47136
47137
47138
47139
47140
47141
47141
47142
47143
47146
47150
47152
47153
47153
47154
47155
47156
47157
47158
47158
47160
47161
47161
47162
47162
47171
47172
47173
47174
47175
47176
47182
47187
47197
47198
47201
47202
47203
47204
47205
47206
47207
47208
47209
47211
47212
47216
47217
47217
47217
47218
47218
47218
47219
47219
47219
47220
47220
47220
47222
47222
47222
47229
47229
47229
47230
47230
47230
47310
47311
47312
47313
47313
47314
47315
47315
47316
47316
47323
47323
47324
47325
47329
47329
47330
47330
47331
47332
47332
47333
47333
47333
47334
47359
47361
47362
47363
47372
47373
47375
47375
47376
47376
47377
47377
47378
47378
47380
47380
47382
47392
47394
47403
47439
47440
47441
47442
47444
47445
47448
47449
47452
47453
47454
47462
47463
47464
47475
47476
47477
47478
47479
47483
47484
47486
47487
47488
47489
47490
47491
47493
47494
47495
47496
47497
47501
47502
47503
47504
47506
47508
47509
47513
47515
47516
47517
47519
47520
47521
47523
47524
47525
47531
47538
47539
47540
47542
47549
47550
47551
47552
47557
47559
47563
47564
47565
47569
47570
47571
47617
