47114
47316
47061
47382
47361
47394
47332
47333
47329
47359
47330
47229
47009
47102
47219
47222
47217
47230
47218
47220
47453
47153
47053
47129
47475
47452
47441
47439
47479
47483
47486
47487
47126
47490
47440
47496
47497
47493
47403
47476
47477
47106
47133
47513
47504
47088
47448
47449
47462
47464
47489
47463
47484
47515
47517
47520
47508
47091
47125
47158
47130
47162
47135
47161
47323
47313
47363
47380
47315
47392
47378
47495
47491
47494
47478
47488
47444
47454
47550
47539
47540
47551
47524
47503
47525
47523
47506
47549
47501
47565
47559
47564
47552
47563
47538
47557
47570
47531
47571
47569
47100
47104
47141
47376
47377
47362
47375
47442
47445
47516
47519
47509
47542
47521
47502
47617
